 #m    m2    m4    e    e2    cv    xi    T
  9.523351E-05      2.401255E-03      1.725119E-05     -3.305439E-01      1.117922E-01      1.297941E-01      3.423182E-01      2.782000E+00
 -4.918464E-05      2.416691E-03      1.758049E-05     -3.343638E-01      1.143297E-01      1.323239E-01      3.480225E-01      2.754000E+00
 -1.676771E-04      2.460517E-03      1.804933E-05     -3.384834E-01      1.171127E-01      1.356508E-01      3.579696E-01      2.726000E+00
  3.404900E-05      2.496038E-03      1.871002E-05     -3.411707E-01      1.189235E-01      1.376300E-01      3.669101E-01      2.698000E+00
 -5.999933E-06      2.505804E-03      1.879775E-05     -3.454430E-01      1.219076E-01      1.433507E-01      3.722087E-01      2.670000E+00
 -2.874042E-05      2.538065E-03      1.922471E-05     -3.491136E-01      1.244487E-01      1.459304E-01      3.809960E-01      2.642000E+00
 -1.513563E-05      2.571688E-03      1.995850E-05     -3.538560E-01      1.277527E-01      1.473426E-01      3.901784E-01      2.614000E+00
 -8.261637E-05      2.595085E-03      2.023522E-05     -3.583156E-01      1.309457E-01      1.515632E-01      3.979903E-01      2.586000E+00
  5.790059E-05      2.622452E-03      2.049672E-05     -3.626437E-01      1.340641E-01      1.547774E-01      4.065903E-01      2.558000E+00
  1.819733E-05      2.673907E-03      2.147594E-05     -3.663718E-01      1.368201E-01      1.605864E-01      4.191565E-01      2.530000E+00
 -6.777702E-05      2.671813E-03      2.156913E-05     -3.717935E-01      1.408248E-01      1.643605E-01      4.235148E-01      2.502000E+00
 -1.584674E-04      2.747319E-03      2.271656E-05     -3.762777E-01      1.441817E-01      1.682605E-01      4.404089E-01      2.474000E+00
  3.265396E-04      2.769912E-03      2.295692E-05     -3.810548E-01      1.478108E-01      1.728810E-01      4.491004E-01      2.446000E+00
  1.042458E-04      2.829315E-03      2.406040E-05     -3.852357E-01      1.510333E-01      1.781775E-01      4.640598E-01      2.418000E+00
  3.954524E-04      2.829562E-03      2.394625E-05     -3.905552E-01      1.551866E-01      1.842180E-01      4.695132E-01      2.390000E+00
  6.202400E-05      2.880905E-03      2.483534E-05     -3.957508E-01      1.592581E-01      1.876271E-01      4.837256E-01      2.362000E+00
 -1.509860E-04      2.963292E-03      2.614824E-05     -4.008107E-01      1.633117E-01      1.938381E-01      5.035248E-01      2.334000E+00
 -1.379244E-04      2.961899E-03      2.620013E-05     -4.067024E-01      1.680684E-01      1.985011E-01      5.093997E-01      2.306000E+00
 -9.915939E-05      3.037885E-03      2.763531E-05     -4.123704E-01      1.727434E-01      2.058932E-01      5.288918E-01      2.278000E+00
  1.598501E-04      3.091097E-03      2.868391E-05     -4.179884E-01      1.774046E-01      2.107588E-01      5.448501E-01      2.250000E+00
  3.264655E-04      3.141453E-03      2.962346E-05     -4.240895E-01      1.825392E-01      2.158639E-01      5.606894E-01      2.222000E+00
  5.478951E-05      3.217236E-03      3.086346E-05     -4.301624E-01      1.877551E-01      2.237199E-01      5.815626E-01      2.194000E+00
  4.278965E-05      3.249543E-03      3.131031E-05     -4.365826E-01      1.933423E-01      2.314545E-01      5.949961E-01      2.166000E+00
  1.312825E-04      3.367426E-03      3.368357E-05     -4.434504E-01      1.993623E-01      2.354761E-01      6.246529E-01      2.138000E+00
 -4.488839E-05      3.374186E-03      3.447118E-05     -4.497639E-01      2.050569E-01      2.466940E-01      6.342155E-01      2.110000E+00
  1.065173E-04      3.451960E-03      3.566520E-05     -4.566573E-01      2.113149E-01      2.542584E-01      6.575581E-01      2.082000E+00
 -5.111054E-06      3.535081E-03      3.730965E-05     -4.639200E-01      2.180069E-01      2.618114E-01      6.825737E-01      2.054000E+00
  1.567390E-04      3.644406E-03      3.958224E-05     -4.720065E-01      2.256105E-01      2.725055E-01      7.134030E-01      2.026000E+00
 -7.143131E-05      3.691299E-03      4.077552E-05     -4.793285E-01      2.326011E-01      2.826751E-01      7.327128E-01      1.998000E+00
 -1.765412E-04      3.844307E-03      4.386365E-05     -4.879605E-01      2.409587E-01      2.915887E-01      7.739251E-01      1.970000E+00
  2.505651E-04      3.895171E-03      4.553879E-05     -4.960766E-01      2.489716E-01      3.028223E-01      7.954647E-01      1.942000E+00
  1.154802E-04      4.006983E-03      4.753607E-05     -5.046570E-01      2.575632E-01      3.122793E-01      8.302803E-01      1.914000E+00
 -1.508625E-05      4.117457E-03      5.086506E-05     -5.139145E-01      2.670491E-01      3.279144E-01      8.658406E-01      1.886000E+00
  1.207888E-04      4.235997E-03      5.350433E-05     -5.221014E-01      2.755206E-01      3.366966E-01      9.041887E-01      1.858000E+00
  3.230581E-04      4.364174E-03      5.702177E-05     -5.327085E-01      2.867372E-01      3.504085E-01      9.457823E-01      1.830000E+00
 -7.360412E-05      4.566878E-03      6.184511E-05     -5.428235E-01      2.976548E-01      3.660873E-01      1.005113E+00      1.802000E+00
  2.093063E-04      4.743562E-03      6.626348E-05     -5.531020E-01      3.089595E-01      3.828181E-01      1.060468E+00      1.774000E+00
 -4.475753E-04      4.838240E-03      6.949513E-05     -5.635581E-01      3.206858E-01      4.017445E-01      1.098945E+00      1.746000E+00
  2.540959E-04      5.060526E-03      7.638871E-05     -5.754864E-01      3.342652E-01      4.139489E-01      1.168201E+00      1.718000E+00
  3.014287E-04      5.276057E-03      8.317664E-05     -5.869960E-01      3.477193E-01      4.381041E-01      1.238129E+00      1.690000E+00
  1.914053E-04      5.487492E-03      8.924247E-05     -6.001428E-01      3.633323E-01      4.538521E-01      1.309455E+00      1.662000E+00
 -1.938250E-05      5.757590E-03      9.881573E-05     -6.128565E-01      3.788168E-01      4.788569E-01      1.397460E+00      1.634000E+00
  1.323689E-04      5.983781E-03      1.077195E-04     -6.264403E-01      3.956862E-01      5.010702E-01      1.477677E+00      1.606000E+00
 -2.681452E-04      6.385759E-03      1.224068E-04     -6.403284E-01      4.133590E-01      5.317220E-01      1.604912E+00      1.578000E+00
 -3.558479E-04      6.722823E-03      1.335213E-04     -6.562216E-01      4.339773E-01      5.530974E-01      1.720134E+00      1.550000E+00
  5.446606E-04      7.171484E-03      1.516145E-04     -6.715484E-01      4.544242E-01      5.901454E-01      1.868646E+00      1.522000E+00
 -4.523653E-04      7.528927E-03      1.686517E-04     -6.881816E-01      4.770776E-01      6.190071E-01      1.998579E+00      1.494000E+00
 -2.855771E-04      8.037459E-03      1.893349E-04     -7.060526E-01      5.020341E-01      6.502898E-01      2.174358E+00      1.466000E+00
 -2.841203E-04      8.739092E-03      2.254210E-04     -7.251259E-01      5.294187E-01      6.925873E-01      2.410205E+00      1.438000E+00
  1.219369E-03      9.425310E-03      2.598700E-04     -7.453175E-01      5.591967E-01      7.377950E-01      2.650688E+00      1.410000E+00
 -5.177720E-05      1.040526E-02      3.178919E-04     -7.667591E-01      5.917108E-01      7.872567E-01      2.986039E+00      1.382000E+00
  1.046803E-03      1.150761E-02      3.859808E-04     -7.894229E-01      6.270707E-01      8.398357E-01      3.370354E+00      1.354000E+00
  3.999956E-04      1.255382E-02      4.606897E-04     -8.135357E-01      6.658723E-01      9.094613E-01      3.754720E+00      1.326000E+00
  1.232678E-03      1.431731E-02      5.970936E-04     -8.397420E-01      7.093377E-01      9.818419E-01      4.374126E+00      1.298000E+00
  1.512946E-03      1.622503E-02      7.730065E-04     -8.681675E-01      7.579671E-01      1.045605E+00      5.066068E+00      1.270000E+00
  1.810449E-03      1.870392E-02      1.031192E-03     -8.987804E-01      8.122443E-01      1.141029E+00      5.971529E+00      1.242000E+00
 -2.516812E-03      2.224473E-02      1.404717E-03     -9.317583E-01      8.728340E-01      1.254143E+00      7.264996E+00      1.214000E+00
 -2.757920E-03      2.790632E-02      2.175236E-03     -9.687705E-01      9.434251E-01      1.384071E+00      9.329321E+00      1.186000E+00
 -3.743662E-04      3.587526E-02      3.529800E-03     -1.009988E+00      1.025271E+00      1.536665E+00      1.228670E+01      1.158000E+00
  5.992254E-03      4.647913E-02      5.787008E-03     -1.054363E+00      1.117231E+00      1.723672E+00      1.630026E+01      1.130000E+00
  2.088224E-03      6.774556E-02      1.123260E-02     -1.106711E+00      1.231003E+00      2.022662E+00      2.437934E+01      1.102000E+00
  7.697544E-03      1.076570E-01      2.543829E-02     -1.169561E+00      1.375253E+00      2.537337E+00      3.973284E+01      1.074000E+00
  4.634368E-03      1.911486E-01      6.468008E-02     -1.250309E+00      1.572605E+00      3.382619E+00      7.246716E+01      1.046000E+00
  1.999464E-02      3.419070E-01      1.592261E-01     -1.357071E+00      1.852928E+00      4.319518E+00      1.330463E+02      1.018000E+00
 -2.462584E-01      5.229742E-01      3.042849E-01     -1.472965E+00      2.179275E+00      3.905109E+00      1.852117E+02      9.900000E-01
  6.049500E-01      6.531462E-01      4.433822E-01     -1.568944E+00      2.468723E+00      3.058344E+00      1.183947E+02      9.620000E-01
 -6.744135E-01      7.376141E-01      5.517252E-01     -1.643066E+00      2.704799E+00      2.333045E+00      1.200752E+02      9.340000E-01
  8.906161E-01      7.946019E-01      6.355396E-01     -1.702205E+00      2.901507E+00      1.935692E+00      6.150140E-01      9.060000E-01
  9.132737E-01      8.349319E-01      6.998468E-01     -1.750532E+00      3.067552E+00      1.641463E+00      3.898703E-01      8.780000E-01
  9.314281E-01      8.680818E-01      7.553089E-01     -1.792378E+00      3.215152E+00      1.390193E+00      2.442408E-01      8.500000E-01
  9.454635E-01      8.942480E-01      8.008712E-01     -1.828276E+00      3.344620E+00      1.188554E+00      1.672691E-01      8.220000E-01
  9.564082E-01      9.149615E-01      8.380107E-01     -1.858143E+00      3.454337E+00      1.033013E+00      1.222983E-01      7.940000E-01
  9.654585E-01      9.322809E-01      8.697493E-01     -1.884208E+00      3.551544E+00      8.820960E-01      8.842534E-02      7.660000E-01
  9.727910E-01      9.464470E-01      8.962002E-01     -1.906555E+00      3.635991E+00      7.560873E-01      6.697809E-02      7.380000E-01
  9.787316E-01      9.580068E-01      9.180939E-01     -1.925339E+00      3.707750E+00      6.436336E-01      5.095051E-02      7.100000E-01
  9.835447E-01      9.674287E-01      9.361505E-01     -1.941150E+00      3.768706E+00      5.479848E-01      3.979315E-02      6.820000E-01
  9.873800E-01      9.749716E-01      9.507412E-01     -1.954170E+00      3.819282E+00      4.644691E-01      3.172739E-02      6.540000E-01
  9.905249E-01      9.811797E-01      9.628383E-01     -1.965052E+00      3.861817E+00      3.924620E-01      2.539639E-02      6.260000E-01
  9.929963E-01      9.860733E-01      9.724320E-01     -1.973841E+00      3.896347E+00      3.313875E-01      2.089397E-02      5.980000E-01
  9.949623E-01      9.899750E-01      9.801164E-01     -1.980960E+00      3.924426E+00      2.750225E-01      1.737230E-02      5.700000E-01
  9.964344E-01      9.929021E-01      9.859034E-01     -1.986408E+00      3.945990E+00      2.333392E-01      1.506506E-02      5.420000E-01
  9.975632E-01      9.951496E-01      9.903588E-01     -1.990643E+00      3.962792E+00      1.971216E-01      1.339394E-02      5.140000E-01
  9.984148E-01      9.968471E-01      9.937309E-01     -1.993869E+00      3.975614E+00      1.687299E-01      1.224686E-02      4.860000E-01
  9.989957E-01      9.980060E-01      9.960367E-01     -1.996098E+00      3.984489E+00      1.515538E-01      1.171540E-02      4.580000E-01
  9.993902E-01      9.987933E-01      9.976048E-01     -1.997628E+00      3.990582E+00      1.407124E-01      1.154687E-02      4.300000E-01
  9.996603E-01      9.993327E-01      9.986800E-01     -1.998684E+00      3.994795E+00      1.376935E-01      1.172015E-02      4.020000E-01
  9.998251E-01      9.996617E-01      9.993362E-01     -1.999330E+00      3.997371E+00      1.425884E-01      1.218379E-02      3.740000E-01
  9.999143E-01      9.998399E-01      9.996916E-01     -1.999681E+00      3.998772E+00      1.559449E-01      1.292760E-02      3.460000E-01
  9.999581E-01      9.999274E-01      9.998663E-01     -1.999856E+00      3.999468E+00      1.785886E-01      1.394372E-02      3.180000E-01
  9.999785E-01      9.999682E-01      9.999475E-01     -1.999936E+00      3.999790E+00      2.113246E-01      1.522634E-02      2.900000E-01
  9.999854E-01      9.999818E-01      9.999748E-01     -1.999964E+00      3.999899E+00      2.575088E-01      1.683095E-02      2.620000E-01
  9.999884E-01      9.999879E-01      9.999868E-01     -1.999976E+00      3.999947E+00      3.220371E-01      1.883333E-02      2.340000E-01
  9.999888E-01      9.999887E-01      9.999885E-01     -1.999977E+00      3.999954E+00      4.153920E-01      2.139142E-02      2.060000E-01
  9.999889E-01      9.999888E-01      9.999888E-01     -1.999978E+00      3.999955E+00      5.563229E-01      2.475600E-02      1.780000E-01
  9.999889E-01      9.999889E-01      9.999889E-01     -1.999978E+00      3.999956E+00      7.833862E-01      2.937698E-02      1.500000E-01
  9.999889E-01      9.999889E-01      9.999889E-01     -1.999978E+00      3.999956E+00      1.184237E+00      3.611924E-02      1.220000E-01
  9.999889E-01      9.999889E-01      9.999889E-01     -1.999978E+00      3.999956E+00      1.994815E+00      4.687816E-02      9.400000E-02
  9.999889E-01      9.999889E-01      9.999889E-01     -1.999978E+00      3.999956E+00      4.046416E+00      6.676587E-02      6.600000E-02
  9.999889E-01      9.999889E-01      9.999889E-01     -1.999978E+00      3.999956E+00      1.220650E+01      1.159618E-01      3.800000E-02
  9.999889E-01      9.999889E-01      9.999889E-01     -1.999978E+00      3.999956E+00      1.762619E+02      4.406547E-01      1.000000E-02
