 #   corr_m    corr_e   u_corr
0.5778    2.1325           0
0.5739    2.1318           1
0.5700    2.1311           2
0.5661    2.1304           3
0.5621    2.1297           4
0.5582    2.1290           5
0.5543    2.1283           6
0.5504    2.1277           7
0.5465    2.1270           8
0.5426    2.1263           9
0.5387    2.1256          10
0.5348    2.1249          11
0.5308    2.1242          12
0.5269    2.1235          13
0.5230    2.1228          14
0.5191    2.1221          15
0.5152    2.1214          16
0.5113    2.1207          17
0.5074    2.1200          18
0.5034    2.1193          19
0.4995    2.1186          20
0.4956    2.1179          21
0.4917    2.1173          22
0.4878    2.1166          23
0.4839    2.1159          24
0.4800    2.1152          25
0.4760    2.1145          26
0.4721    2.1138          27
0.4682    2.1131          28
0.4643    2.1124          29
0.4604    2.1117          30
0.4565    2.1110          31
0.4526    2.1103          32
0.4486    2.1096          33
0.4447    2.1089          34
0.4408    2.1082          35
0.4369    2.1075          36
0.4330    2.1068          37
0.4291    2.1062          38
0.4252    2.1055          39
0.4212    2.1048          40
0.4173    2.1041          41
0.4134    2.1034          42
0.4095    2.1027          43
0.4056    2.1020          44
0.4017    2.1013          45
0.3977    2.1006          46
0.3938    2.0999          47
0.3899    2.0992          48
0.3860    2.0985          49
0.3821    2.0978          50
0.3782    2.0971          51
0.3742    2.0964          52
0.3703    2.0957          53
0.3664    2.0951          54
0.3625    2.0944          55
0.3586    2.0937          56
0.3547    2.0930          57
0.3507    2.0923          58
0.3468    2.0916          59
0.3429    2.0909          60
0.3390    2.0902          61
0.3351    2.0895          62
0.3312    2.0888          63
0.3272    2.0881          64
0.3233    2.0874          65
0.3194    2.0867          66
0.3155    2.0860          67
0.3116    2.0853          68
0.3076    2.0846          69
0.3037    2.0839          70
0.2998    2.0832          71
0.2959    2.0826          72
0.2920    2.0819          73
0.2881    2.0812          74
0.2841    2.0805          75
0.2802    2.0798          76
0.2763    2.0791          77
0.2724    2.0784          78
0.2685    2.0777          79
0.2645    2.0770          80
0.2606    2.0763          81
0.2567    2.0756          82
0.2528    2.0749          83
0.2489    2.0742          84
0.2449    2.0735          85
0.2410    2.0728          86
0.2371    2.0721          87
0.2332    2.0714          88
0.2293    2.0707          89
0.2253    2.0701          90
0.2214    2.0694          91
0.2175    2.0687          92
0.2136    2.0680          93
0.2097    2.0673          94
0.2057    2.0666          95
0.2018    2.0659          96
0.1979    2.0652          97
0.1940    2.0645          98
0.1901    2.0638          99
0.1861    2.0631         100
0.1846    2.0631         101
0.1830    2.0630         102
0.1814    2.0630         103
0.1798    2.0629         104
0.1783    2.0629         105
0.1767    2.0629         106
0.1751    2.0628         107
0.1735    2.0628         108
0.1720    2.0627         109
0.1704    2.0627         110
0.1688    2.0627         111
0.1672    2.0626         112
0.1656    2.0626         113
0.1641    2.0625         114
0.1625    2.0625         115
0.1609    2.0624         116
0.1593    2.0624         117
0.1578    2.0624         118
0.1562    2.0623         119
0.1546    2.0623         120
0.1530    2.0622         121
0.1514    2.0622         122
0.1499    2.0622         123
0.1483    2.0621         124
0.1467    2.0621         125
0.1451    2.0620         126
0.1435    2.0620         127
0.1420    2.0620         128
0.1404    2.0619         129
0.1388    2.0619         130
0.1372    2.0618         131
0.1357    2.0618         132
0.1341    2.0618         133
0.1325    2.0617         134
0.1309    2.0617         135
0.1293    2.0616         136
0.1278    2.0616         137
0.1262    2.0616         138
0.1246    2.0615         139
0.1230    2.0615         140
0.1214    2.0614         141
0.1199    2.0614         142
0.1183    2.0613         143
0.1167    2.0613         144
0.1151    2.0613         145
0.1135    2.0612         146
0.1120    2.0612         147
0.1104    2.0611         148
0.1088    2.0611         149
0.1072    2.0611         150
0.1056    2.0610         151
0.1041    2.0610         152
0.1025    2.0609         153
0.1009    2.0609         154
0.0993    2.0609         155
0.0977    2.0608         156
0.0962    2.0608         157
0.0946    2.0607         158
0.0930    2.0607         159
0.0914    2.0607         160
0.0898    2.0606         161
0.0883    2.0606         162
0.0867    2.0605         163
0.0851    2.0605         164
0.0835    2.0605         165
0.0819    2.0604         166
0.0804    2.0604         167
0.0788    2.0603         168
0.0772    2.0603         169
0.0756    2.0602         170
0.0740    2.0602         171
0.0725    2.0602         172
0.0709    2.0601         173
0.0693    2.0601         174
0.0677    2.0600         175
0.0661    2.0600         176
0.0646    2.0600         177
0.0630    2.0599         178
0.0614    2.0599         179
0.0598    2.0598         180
0.0582    2.0598         181
0.0567    2.0598         182
0.0551    2.0597         183
0.0535    2.0597         184
0.0519    2.0596         185
0.0503    2.0596         186
0.0488    2.0596         187
0.0472    2.0595         188
0.0456    2.0595         189
0.0440    2.0594         190
0.0424    2.0594         191
0.0409    2.0593         192
0.0393    2.0593         193
0.0377    2.0593         194
0.0361    2.0592         195
0.0345    2.0592         196
0.0330    2.0591         197
0.0314    2.0591         198
0.0298    2.0591         199
0.0282    2.0590         200
0.0278    2.0591         201
0.0275    2.0591         202
0.0271    2.0591         203
0.0268    2.0591         204
0.0264    2.0592         205
0.0260    2.0592         206
0.0257    2.0592         207
0.0253    2.0592         208
0.0250    2.0592         209
0.0246    2.0593         210
0.0242    2.0593         211
0.0239    2.0593         212
0.0235    2.0593         213
0.0232    2.0594         214
0.0228    2.0594         215
0.0224    2.0594         216
0.0221    2.0594         217
0.0217    2.0595         218
0.0214    2.0595         219
0.0210    2.0595         220
0.0206    2.0595         221
0.0203    2.0596         222
0.0199    2.0596         223
0.0195    2.0596         224
0.0192    2.0596         225
0.0188    2.0597         226
0.0185    2.0597         227
0.0181    2.0597         228
0.0177    2.0597         229
0.0174    2.0598         230
0.0170    2.0598         231
0.0167    2.0598         232
0.0163    2.0598         233
0.0159    2.0599         234
0.0156    2.0599         235
0.0152    2.0599         236
0.0149    2.0599         237
0.0145    2.0600         238
0.0141    2.0600         239
0.0138    2.0600         240
0.0134    2.0600         241
0.0130    2.0601         242
0.0127    2.0601         243
0.0123    2.0601         244
0.0120    2.0601         245
0.0116    2.0602         246
0.0112    2.0602         247
0.0109    2.0602         248
0.0105    2.0602         249
0.0102    2.0603         250
0.0098    2.0603         251
0.0094    2.0603         252
0.0091    2.0603         253
0.0087    2.0604         254
0.0083    2.0604         255
0.0080    2.0604         256
0.0076    2.0604         257
0.0073    2.0605         258
0.0069    2.0605         259
0.0065    2.0605         260
0.0062    2.0605         261
0.0058    2.0606         262
0.0055    2.0606         263
0.0051    2.0606         264
0.0047    2.0606         265
0.0044    2.0607         266
0.0040    2.0607         267
0.0037    2.0607         268
0.0033    2.0607         269
0.0029    2.0608         270
0.0026    2.0608         271
0.0022    2.0608         272
0.0018    2.0608         273
0.0015    2.0609         274
0.0011    2.0609         275
0.0008    2.0609         276
0.0004    2.0609         277
0.0000    2.0610         278
-.0003    2.0610         279
-.0007    2.0610         280
-.0010    2.0610         281
-.0014    2.0611         282
-.0018    2.0611         283
-.0021    2.0611         284
-.0025    2.0611         285
-.0029    2.0612         286
-.0032    2.0612         287
-.0036    2.0612         288
-.0039    2.0612         289
-.0043    2.0612         290
-.0047    2.0613         291
-.0050    2.0613         292
-.0054    2.0613         293
-.0057    2.0613         294
-.0061    2.0614         295
-.0065    2.0614         296
-.0068    2.0614         297
-.0072    2.0614         298
-.0076    2.0615         299
-.0079    2.0615         300
-.0080    2.0615         301
-.0080    2.0614         302
-.0081    2.0614         303
-.0082    2.0614         304
-.0083    2.0614         305
-.0083    2.0614         306
-.0084    2.0613         307
-.0085    2.0613         308
-.0085    2.0613         309
-.0086    2.0613         310
-.0087    2.0613         311
-.0087    2.0612         312
-.0088    2.0612         313
-.0089    2.0612         314
-.0090    2.0612         315
-.0090    2.0611         316
-.0091    2.0611         317
-.0092    2.0611         318
-.0092    2.0611         319
-.0093    2.0611         320
-.0094    2.0610         321
-.0095    2.0610         322
-.0095    2.0610         323
-.0096    2.0610         324
-.0097    2.0610         325
-.0097    2.0609         326
-.0098    2.0609         327
-.0099    2.0609         328
-.0099    2.0609         329
-.0100    2.0609         330
-.0101    2.0608         331
-.0102    2.0608         332
-.0102    2.0608         333
-.0103    2.0608         334
-.0104    2.0608         335
-.0104    2.0607         336
-.0105    2.0607         337
-.0106    2.0607         338
-.0107    2.0607         339
-.0107    2.0606         340
-.0108    2.0606         341
-.0109    2.0606         342
-.0109    2.0606         343
-.0110    2.0606         344
-.0111    2.0605         345
-.0111    2.0605         346
-.0112    2.0605         347
-.0113    2.0605         348
-.0114    2.0605         349
-.0114    2.0604         350
-.0115    2.0604         351
-.0116    2.0604         352
-.0116    2.0604         353
-.0117    2.0604         354
-.0118    2.0603         355
-.0119    2.0603         356
-.0119    2.0603         357
-.0120    2.0603         358
-.0121    2.0603         359
-.0121    2.0602         360
-.0122    2.0602         361
-.0123    2.0602         362
-.0124    2.0602         363
-.0124    2.0601         364
-.0125    2.0601         365
-.0126    2.0601         366
-.0126    2.0601         367
-.0127    2.0601         368
-.0128    2.0600         369
-.0128    2.0600         370
-.0129    2.0600         371
-.0130    2.0600         372
-.0131    2.0600         373
-.0131    2.0599         374
-.0132    2.0599         375
-.0133    2.0599         376
-.0133    2.0599         377
-.0134    2.0599         378
-.0135    2.0598         379
-.0136    2.0598         380
-.0136    2.0598         381
-.0137    2.0598         382
-.0138    2.0598         383
-.0138    2.0597         384
-.0139    2.0597         385
-.0140    2.0597         386
-.0140    2.0597         387
-.0141    2.0596         388
-.0142    2.0596         389
-.0143    2.0596         390
-.0143    2.0596         391
-.0144    2.0596         392
-.0145    2.0595         393
-.0145    2.0595         394
-.0146    2.0595         395
-.0147    2.0595         396
-.0148    2.0595         397
-.0148    2.0594         398
-.0149    2.0594         399
-.0150    2.0594         400
-.0149    2.0594         401
-.0148    2.0594         402
-.0146    2.0594         403
-.0145    2.0594         404
-.0144    2.0594         405
-.0143    2.0594         406
-.0142    2.0594         407
-.0141    2.0594         408
-.0140    2.0594         409
-.0139    2.0594         410
-.0138    2.0594         411
-.0137    2.0594         412
-.0136    2.0594         413
-.0134    2.0594         414
-.0133    2.0594         415
-.0132    2.0594         416
-.0131    2.0594         417
-.0130    2.0594         418
-.0129    2.0594         419
-.0128    2.0594         420
-.0127    2.0594         421
-.0126    2.0594         422
-.0125    2.0594         423
-.0124    2.0594         424
-.0123    2.0594         425
-.0121    2.0594         426
-.0120    2.0594         427
-.0119    2.0594         428
-.0118    2.0594         429
-.0117    2.0594         430
-.0116    2.0594         431
-.0115    2.0594         432
-.0114    2.0594         433
-.0113    2.0594         434
-.0112    2.0594         435
-.0111    2.0594         436
-.0110    2.0594         437
-.0108    2.0594         438
-.0107    2.0594         439
-.0106    2.0594         440
-.0105    2.0594         441
-.0104    2.0594         442
-.0103    2.0594         443
-.0102    2.0594         444
-.0101    2.0594         445
-.0100    2.0593         446
-.0099    2.0593         447
-.0098    2.0593         448
-.0096    2.0593         449
-.0095    2.0593         450
-.0094    2.0593         451
-.0093    2.0593         452
-.0092    2.0593         453
-.0091    2.0593         454
-.0090    2.0593         455
-.0089    2.0593         456
-.0088    2.0593         457
-.0087    2.0593         458
-.0086    2.0593         459
-.0085    2.0593         460
-.0083    2.0593         461
-.0082    2.0593         462
-.0081    2.0593         463
-.0080    2.0593         464
-.0079    2.0593         465
-.0078    2.0593         466
-.0077    2.0593         467
-.0076    2.0593         468
-.0075    2.0593         469
-.0074    2.0593         470
-.0073    2.0593         471
-.0072    2.0593         472
-.0070    2.0593         473
-.0069    2.0593         474
-.0068    2.0593         475
-.0067    2.0593         476
-.0066    2.0593         477
-.0065    2.0593         478
-.0064    2.0593         479
-.0063    2.0593         480
-.0062    2.0593         481
-.0061    2.0593         482
-.0060    2.0593         483
-.0058    2.0593         484
-.0057    2.0593         485
-.0056    2.0593         486
-.0055    2.0593         487
-.0054    2.0593         488
-.0053    2.0593         489
-.0052    2.0593         490
-.0051    2.0593         491
-.0050    2.0593         492
-.0049    2.0593         493
-.0048    2.0593         494
-.0047    2.0593         495
-.0045    2.0593         496
-.0044    2.0593         497
-.0043    2.0593         498
-.0042    2.0593         499
-.0041    2.0593         500
-.0039    2.0593         501
-.0038    2.0594         502
-.0036    2.0595         503
-.0034    2.0595         504
-.0032    2.0596         505
-.0031    2.0596         506
-.0029    2.0597         507
-.0027    2.0598         508
-.0025    2.0598         509
-.0024    2.0599         510
-.0022    2.0599         511
-.0020    2.0600         512
-.0019    2.0601         513
-.0017    2.0601         514
-.0015    2.0602         515
-.0013    2.0602         516
-.0012    2.0603         517
-.0010    2.0604         518
-.0008    2.0604         519
-.0006    2.0605         520
-.0005    2.0605         521
-.0003    2.0606         522
-.0001    2.0607         523
0.0001    2.0607         524
0.0002    2.0608         525
0.0004    2.0608         526
0.0006    2.0609         527
0.0008    2.0610         528
0.0009    2.0610         529
0.0011    2.0611         530
0.0013    2.0611         531
0.0014    2.0612         532
0.0016    2.0613         533
0.0018    2.0613         534
0.0020    2.0614         535
0.0021    2.0615         536
0.0023    2.0615         537
0.0025    2.0616         538
0.0027    2.0616         539
0.0028    2.0617         540
0.0030    2.0618         541
0.0032    2.0618         542
0.0034    2.0619         543
0.0035    2.0619         544
0.0037    2.0620         545
0.0039    2.0621         546
0.0041    2.0621         547
0.0042    2.0622         548
0.0044    2.0622         549
0.0046    2.0623         550
0.0048    2.0624         551
0.0049    2.0624         552
0.0051    2.0625         553
0.0053    2.0625         554
0.0054    2.0626         555
0.0056    2.0627         556
0.0058    2.0627         557
0.0060    2.0628         558
0.0061    2.0628         559
0.0063    2.0629         560
0.0065    2.0630         561
0.0067    2.0630         562
0.0068    2.0631         563
0.0070    2.0631         564
0.0072    2.0632         565
0.0074    2.0633         566
0.0075    2.0633         567
0.0077    2.0634         568
0.0079    2.0634         569
0.0081    2.0635         570
0.0082    2.0636         571
0.0084    2.0636         572
0.0086    2.0637         573
0.0088    2.0637         574
0.0089    2.0638         575
0.0091    2.0639         576
0.0093    2.0639         577
0.0094    2.0640         578
0.0096    2.0640         579
0.0098    2.0641         580
0.0100    2.0642         581
0.0101    2.0642         582
0.0103    2.0643         583
0.0105    2.0643         584
0.0107    2.0644         585
0.0108    2.0645         586
0.0110    2.0645         587
0.0112    2.0646         588
0.0114    2.0646         589
0.0115    2.0647         590
0.0117    2.0648         591
0.0119    2.0648         592
0.0121    2.0649         593
0.0122    2.0649         594
0.0124    2.0650         595
0.0126    2.0651         596
0.0128    2.0651         597
0.0129    2.0652         598
0.0131    2.0652         599
0.0133    2.0653         600
0.0136    2.0652         601
0.0139    2.0652         602
0.0142    2.0651         603
0.0145    2.0651         604
0.0148    2.0650         605
0.0151    2.0650         606
0.0154    2.0649         607
0.0157    2.0648         608
0.0160    2.0648         609
0.0163    2.0647         610
0.0166    2.0647         611
0.0169    2.0646         612
0.0172    2.0646         613
0.0175    2.0645         614
0.0178    2.0644         615
0.0181    2.0644         616
0.0184    2.0643         617
0.0187    2.0643         618
0.0190    2.0642         619
0.0193    2.0642         620
0.0196    2.0641         621
0.0199    2.0640         622
0.0202    2.0640         623
0.0205    2.0639         624
0.0208    2.0639         625
0.0211    2.0638         626
0.0214    2.0638         627
0.0217    2.0637         628
0.0220    2.0637         629
0.0223    2.0636         630
0.0226    2.0635         631
0.0229    2.0635         632
0.0232    2.0634         633
0.0235    2.0634         634
0.0238    2.0633         635
0.0241    2.0633         636
0.0244    2.0632         637
0.0247    2.0631         638
0.0250    2.0631         639
0.0253    2.0630         640
0.0256    2.0630         641
0.0259    2.0629         642
0.0262    2.0629         643
0.0265    2.0628         644
0.0268    2.0627         645
0.0271    2.0627         646
0.0274    2.0626         647
0.0277    2.0626         648
0.0280    2.0625         649
0.0283    2.0625         650
0.0286    2.0624         651
0.0289    2.0623         652
0.0292    2.0623         653
0.0295    2.0622         654
0.0298    2.0622         655
0.0301    2.0621         656
0.0304    2.0621         657
0.0307    2.0620         658
0.0310    2.0619         659
0.0313    2.0619         660
0.0316    2.0618         661
0.0319    2.0618         662
0.0322    2.0617         663
0.0325    2.0617         664
0.0328    2.0616         665
0.0331    2.0616         666
0.0334    2.0615         667
0.0337    2.0614         668
0.0340    2.0614         669
0.0343    2.0613         670
0.0346    2.0613         671
0.0349    2.0612         672
0.0352    2.0612         673
0.0355    2.0611         674
0.0358    2.0610         675
0.0361    2.0610         676
0.0364    2.0609         677
0.0367    2.0609         678
0.0370    2.0608         679
0.0373    2.0608         680
0.0376    2.0607         681
0.0379    2.0606         682
0.0382    2.0606         683
0.0385    2.0605         684
0.0388    2.0605         685
0.0391    2.0604         686
0.0394    2.0604         687
0.0397    2.0603         688
0.0400    2.0602         689
0.0403    2.0602         690
0.0406    2.0601         691
0.0409    2.0601         692
0.0412    2.0600         693
0.0415    2.0600         694
0.0418    2.0599         695
0.0421    2.0598         696
0.0424    2.0598         697
0.0427    2.0597         698
0.0430    2.0597         699
0.0433    2.0596         700
0.0432    2.0597         701
0.0431    2.0597         702
0.0431    2.0597         703
0.0430    2.0597         704
0.0429    2.0598         705
0.0428    2.0598         706
0.0427    2.0598         707
0.0426    2.0598         708
0.0425    2.0598         709
0.0425    2.0599         710
0.0424    2.0599         711
0.0423    2.0599         712
0.0422    2.0599         713
0.0421    2.0600         714
0.0420    2.0600         715
0.0419    2.0600         716
0.0419    2.0600         717
0.0418    2.0601         718
0.0417    2.0601         719
0.0416    2.0601         720
0.0415    2.0601         721
0.0414    2.0602         722
0.0413    2.0602         723
0.0412    2.0602         724
0.0412    2.0602         725
0.0411    2.0602         726
0.0410    2.0603         727
0.0409    2.0603         728
0.0408    2.0603         729
0.0407    2.0603         730
0.0406    2.0604         731
0.0406    2.0604         732
0.0405    2.0604         733
0.0404    2.0604         734
0.0403    2.0605         735
0.0402    2.0605         736
0.0401    2.0605         737
0.0400    2.0605         738
0.0400    2.0605         739
0.0399    2.0606         740
0.0398    2.0606         741
0.0397    2.0606         742
0.0396    2.0606         743
0.0395    2.0607         744
0.0394    2.0607         745
0.0394    2.0607         746
0.0393    2.0607         747
0.0392    2.0608         748
0.0391    2.0608         749
0.0390    2.0608         750
0.0389    2.0608         751
0.0388    2.0609         752
0.0388    2.0609         753
0.0387    2.0609         754
0.0386    2.0609         755
0.0385    2.0609         756
0.0384    2.0610         757
0.0383    2.0610         758
0.0382    2.0610         759
0.0382    2.0610         760
0.0381    2.0611         761
0.0380    2.0611         762
0.0379    2.0611         763
0.0378    2.0611         764
0.0377    2.0612         765
0.0376    2.0612         766
0.0376    2.0612         767
0.0375    2.0612         768
0.0374    2.0612         769
0.0373    2.0613         770
0.0372    2.0613         771
0.0371    2.0613         772
0.0370    2.0613         773
0.0370    2.0614         774
0.0369    2.0614         775
0.0368    2.0614         776
0.0367    2.0614         777
0.0366    2.0615         778
0.0365    2.0615         779
0.0364    2.0615         780
0.0364    2.0615         781
0.0363    2.0616         782
0.0362    2.0616         783
0.0361    2.0616         784
0.0360    2.0616         785
0.0359    2.0616         786
0.0358    2.0617         787
0.0358    2.0617         788
0.0357    2.0617         789
0.0356    2.0617         790
0.0355    2.0618         791
0.0354    2.0618         792
0.0353    2.0618         793
0.0352    2.0618         794
0.0352    2.0619         795
0.0351    2.0619         796
0.0350    2.0619         797
0.0349    2.0619         798
0.0348    2.0619         799
0.0347    2.0620         800
0.0347    2.0619         801
0.0348    2.0618         802
0.0348    2.0618         803
0.0349    2.0617         804
0.0349    2.0617         805
0.0349    2.0616         806
0.0350    2.0616         807
0.0350    2.0615         808
0.0351    2.0614         809
0.0351    2.0614         810
0.0352    2.0613         811
0.0352    2.0613         812
0.0353    2.0612         813
0.0353    2.0612         814
0.0353    2.0611         815
0.0354    2.0610         816
0.0354    2.0610         817
0.0355    2.0609         818
0.0355    2.0609         819
0.0356    2.0608         820
0.0356    2.0607         821
0.0356    2.0607         822
0.0357    2.0606         823
0.0357    2.0606         824
0.0358    2.0605         825
0.0358    2.0605         826
0.0359    2.0604         827
0.0359    2.0603         828
0.0359    2.0603         829
0.0360    2.0602         830
0.0360    2.0602         831
0.0361    2.0601         832
0.0361    2.0601         833
0.0362    2.0600         834
0.0362    2.0599         835
0.0362    2.0599         836
0.0363    2.0598         837
0.0363    2.0598         838
0.0364    2.0597         839
0.0364    2.0597         840
0.0365    2.0596         841
0.0365    2.0595         842
0.0365    2.0595         843
0.0366    2.0594         844
0.0366    2.0594         845
0.0367    2.0593         846
0.0367    2.0593         847
0.0368    2.0592         848
0.0368    2.0591         849
0.0368    2.0591         850
0.0369    2.0590         851
0.0369    2.0590         852
0.0370    2.0589         853
0.0370    2.0589         854
0.0371    2.0588         855
0.0371    2.0587         856
0.0371    2.0587         857
0.0372    2.0586         858
0.0372    2.0586         859
0.0373    2.0585         860
0.0373    2.0584         861
0.0374    2.0584         862
0.0374    2.0583         863
0.0374    2.0583         864
0.0375    2.0582         865
0.0375    2.0582         866
0.0376    2.0581         867
0.0376    2.0580         868
0.0377    2.0580         869
0.0377    2.0579         870
0.0378    2.0579         871
0.0378    2.0578         872
0.0378    2.0578         873
0.0379    2.0577         874
0.0379    2.0576         875
0.0380    2.0576         876
0.0380    2.0575         877
0.0381    2.0575         878
0.0381    2.0574         879
0.0381    2.0574         880
0.0382    2.0573         881
0.0382    2.0572         882
0.0383    2.0572         883
0.0383    2.0571         884
0.0384    2.0571         885
0.0384    2.0570         886
0.0384    2.0570         887
0.0385    2.0569         888
0.0385    2.0568         889
0.0386    2.0568         890
0.0386    2.0567         891
0.0387    2.0567         892
0.0387    2.0566         893
0.0387    2.0565         894
0.0388    2.0565         895
0.0388    2.0564         896
0.0389    2.0564         897
0.0389    2.0563         898
0.0390    2.0563         899
0.0390    2.0562         900
0.0387    2.0562         901
0.0384    2.0563         902
0.0381    2.0563         903
0.0378    2.0564         904
0.0375    2.0564         905
0.0372    2.0565         906
0.0369    2.0565         907
0.0365    2.0565         908
0.0362    2.0566         909
0.0359    2.0566         910
0.0356    2.0567         911
0.0353    2.0567         912
0.0350    2.0568         913
0.0347    2.0568         914
0.0344    2.0568         915
0.0341    2.0569         916
0.0338    2.0569         917
0.0334    2.0570         918
0.0331    2.0570         919
0.0328    2.0571         920
0.0325    2.0571         921
0.0322    2.0571         922
0.0319    2.0572         923
0.0316    2.0572         924
0.0313    2.0573         925
0.0310    2.0573         926
0.0306    2.0574         927
0.0303    2.0574         928
0.0300    2.0574         929
0.0297    2.0575         930
0.0294    2.0575         931
0.0291    2.0576         932
0.0288    2.0576         933
0.0285    2.0577         934
0.0282    2.0577         935
0.0279    2.0577         936
0.0275    2.0578         937
0.0272    2.0578         938
0.0269    2.0579         939
0.0266    2.0579         940
0.0263    2.0580         941
0.0260    2.0580         942
0.0257    2.0580         943
0.0254    2.0581         944
0.0251    2.0581         945
0.0248    2.0582         946
0.0244    2.0582         947
0.0241    2.0583         948
0.0238    2.0583         949
0.0235    2.0583         950
0.0232    2.0584         951
0.0229    2.0584         952
0.0226    2.0585         953
0.0223    2.0585         954
0.0220    2.0586         955
0.0216    2.0586         956
0.0213    2.0586         957
0.0210    2.0587         958
0.0207    2.0587         959
0.0204    2.0588         960
0.0201    2.0588         961
0.0198    2.0589         962
0.0195    2.0589         963
0.0192    2.0589         964
0.0189    2.0590         965
0.0185    2.0590         966
0.0182    2.0591         967
0.0179    2.0591         968
0.0176    2.0592         969
0.0173    2.0592         970
0.0170    2.0592         971
0.0167    2.0593         972
0.0164    2.0593         973
0.0161    2.0594         974
0.0157    2.0594         975
0.0154    2.0595         976
0.0151    2.0595         977
0.0148    2.0595         978
0.0145    2.0596         979
0.0142    2.0596         980
0.0139    2.0597         981
0.0136    2.0597         982
0.0133    2.0598         983
0.0129    2.0598         984
0.0126    2.0598         985
0.0123    2.0599         986
0.0120    2.0599         987
0.0117    2.0600         988
0.0114    2.0600         989
0.0111    2.0601         990
0.0108    2.0601         991
0.0105    2.0601         992
0.0102    2.0602         993
0.0098    2.0602         994
0.0095    2.0603         995
0.0092    2.0603         996
0.0089    2.0604         997
0.0086    2.0604         998
0.0083    2.0604         999
0.0080    2.0605        1000
0.0083    2.0605        1001
0.0086    2.0606        1002
0.0089    2.0606        1003
0.0092    2.0606        1004
0.0095    2.0606        1005
0.0098    2.0607        1006
0.0102    2.0607        1007
0.0105    2.0607        1008
0.0108    2.0608        1009
0.0111    2.0608        1010
0.0114    2.0608        1011
0.0117    2.0608        1012
0.0120    2.0609        1013
0.0123    2.0609        1014
0.0127    2.0609        1015
0.0130    2.0610        1016
0.0133    2.0610        1017
0.0136    2.0610        1018
0.0139    2.0610        1019
0.0142    2.0611        1020
0.0145    2.0611        1021
0.0148    2.0611        1022
0.0151    2.0612        1023
0.0155    2.0612        1024
0.0158    2.0612        1025
0.0161    2.0612        1026
0.0164    2.0613        1027
0.0167    2.0613        1028
0.0170    2.0613        1029
0.0173    2.0614        1030
0.0176    2.0614        1031
0.0180    2.0614        1032
0.0183    2.0614        1033
0.0186    2.0615        1034
0.0189    2.0615        1035
0.0192    2.0615        1036
0.0195    2.0616        1037
0.0198    2.0616        1038
0.0201    2.0616        1039
0.0205    2.0616        1040
0.0208    2.0617        1041
0.0211    2.0617        1042
0.0214    2.0617        1043
0.0217    2.0618        1044
0.0220    2.0618        1045
0.0223    2.0618        1046
0.0226    2.0618        1047
0.0230    2.0619        1048
0.0233    2.0619        1049
0.0236    2.0619        1050
0.0239    2.0620        1051
0.0242    2.0620        1052
0.0245    2.0620        1053
0.0248    2.0620        1054
0.0251    2.0621        1055
0.0255    2.0621        1056
0.0258    2.0621        1057
0.0261    2.0622        1058
0.0264    2.0622        1059
0.0267    2.0622        1060
0.0270    2.0622        1061
0.0273    2.0623        1062
0.0276    2.0623        1063
0.0279    2.0623        1064
0.0283    2.0624        1065
0.0286    2.0624        1066
0.0289    2.0624        1067
0.0292    2.0624        1068
0.0295    2.0625        1069
0.0298    2.0625        1070
0.0301    2.0625        1071
0.0304    2.0626        1072
0.0308    2.0626        1073
0.0311    2.0626        1074
0.0314    2.0626        1075
0.0317    2.0627        1076
0.0320    2.0627        1077
0.0323    2.0627        1078
0.0326    2.0628        1079
0.0329    2.0628        1080
0.0333    2.0628        1081
0.0336    2.0629        1082
0.0339    2.0629        1083
0.0342    2.0629        1084
0.0345    2.0629        1085
0.0348    2.0630        1086
0.0351    2.0630        1087
0.0354    2.0630        1088
0.0358    2.0631        1089
0.0361    2.0631        1090
0.0364    2.0631        1091
0.0367    2.0631        1092
0.0370    2.0632        1093
0.0373    2.0632        1094
0.0376    2.0632        1095
0.0379    2.0633        1096
0.0383    2.0633        1097
0.0386    2.0633        1098
0.0389    2.0633        1099
0.0392    2.0634        1100
0.0392    2.0633        1101
0.0392    2.0633        1102
0.0392    2.0633        1103
0.0392    2.0632        1104
0.0393    2.0632        1105
0.0393    2.0632        1106
0.0393    2.0631        1107
0.0393    2.0631        1108
0.0393    2.0631        1109
0.0393    2.0630        1110
0.0393    2.0630        1111
0.0394    2.0629        1112
0.0394    2.0629        1113
0.0394    2.0629        1114
0.0394    2.0628        1115
0.0394    2.0628        1116
0.0394    2.0628        1117
0.0394    2.0627        1118
0.0394    2.0627        1119
0.0395    2.0627        1120
0.0395    2.0626        1121
0.0395    2.0626        1122
0.0395    2.0626        1123
0.0395    2.0625        1124
0.0395    2.0625        1125
0.0395    2.0625        1126
0.0395    2.0624        1127
0.0396    2.0624        1128
0.0396    2.0624        1129
0.0396    2.0623        1130
0.0396    2.0623        1131
0.0396    2.0623        1132
0.0396    2.0622        1133
0.0396    2.0622        1134
0.0397    2.0622        1135
0.0397    2.0621        1136
0.0397    2.0621        1137
0.0397    2.0620        1138
0.0397    2.0620        1139
0.0397    2.0620        1140
0.0397    2.0619        1141
0.0397    2.0619        1142
0.0398    2.0619        1143
0.0398    2.0618        1144
0.0398    2.0618        1145
0.0398    2.0618        1146
0.0398    2.0617        1147
0.0398    2.0617        1148
0.0398    2.0617        1149
0.0398    2.0616        1150
0.0399    2.0616        1151
0.0399    2.0616        1152
0.0399    2.0615        1153
0.0399    2.0615        1154
0.0399    2.0615        1155
0.0399    2.0614        1156
0.0399    2.0614        1157
0.0400    2.0614        1158
0.0400    2.0613        1159
0.0400    2.0613        1160
0.0400    2.0613        1161
0.0400    2.0612        1162
0.0400    2.0612        1163
0.0400    2.0611        1164
0.0400    2.0611        1165
0.0401    2.0611        1166
0.0401    2.0610        1167
0.0401    2.0610        1168
0.0401    2.0610        1169
0.0401    2.0609        1170
0.0401    2.0609        1171
0.0401    2.0609        1172
0.0402    2.0608        1173
0.0402    2.0608        1174
0.0402    2.0608        1175
0.0402    2.0607        1176
0.0402    2.0607        1177
0.0402    2.0607        1178
0.0402    2.0606        1179
0.0402    2.0606        1180
0.0403    2.0606        1181
0.0403    2.0605        1182
0.0403    2.0605        1183
0.0403    2.0605        1184
0.0403    2.0604        1185
0.0403    2.0604        1186
0.0403    2.0604        1187
0.0403    2.0603        1188
0.0404    2.0603        1189
0.0404    2.0602        1190
0.0404    2.0602        1191
0.0404    2.0602        1192
0.0404    2.0601        1193
0.0404    2.0601        1194
0.0404    2.0601        1195
0.0405    2.0600        1196
0.0405    2.0600        1197
0.0405    2.0600        1198
0.0405    2.0599        1199
0.0405    2.0599        1200
0.0404    2.0599        1201
0.0403    2.0599        1202
0.0402    2.0600        1203
0.0401    2.0600        1204
0.0400    2.0600        1205
0.0400    2.0600        1206
0.0399    2.0601        1207
0.0398    2.0601        1208
0.0397    2.0601        1209
0.0396    2.0601        1210
0.0395    2.0601        1211
0.0394    2.0602        1212
0.0393    2.0602        1213
0.0392    2.0602        1214
0.0391    2.0602        1215
0.0390    2.0603        1216
0.0390    2.0603        1217
0.0389    2.0603        1218
0.0388    2.0603        1219
0.0387    2.0604        1220
0.0386    2.0604        1221
0.0385    2.0604        1222
0.0384    2.0604        1223
0.0383    2.0604        1224
0.0382    2.0605        1225
0.0381    2.0605        1226
0.0380    2.0605        1227
0.0380    2.0605        1228
0.0379    2.0606        1229
0.0378    2.0606        1230
0.0377    2.0606        1231
0.0376    2.0606        1232
0.0375    2.0607        1233
0.0374    2.0607        1234
0.0373    2.0607        1235
0.0372    2.0607        1236
0.0371    2.0607        1237
0.0370    2.0608        1238
0.0370    2.0608        1239
0.0369    2.0608        1240
0.0368    2.0608        1241
0.0367    2.0609        1242
0.0366    2.0609        1243
0.0365    2.0609        1244
0.0364    2.0609        1245
0.0363    2.0609        1246
0.0362    2.0610        1247
0.0361    2.0610        1248
0.0360    2.0610        1249
0.0360    2.0610        1250
0.0359    2.0611        1251
0.0358    2.0611        1252
0.0357    2.0611        1253
0.0356    2.0611        1254
0.0355    2.0612        1255
0.0354    2.0612        1256
0.0353    2.0612        1257
0.0352    2.0612        1258
0.0351    2.0612        1259
0.0350    2.0613        1260
0.0350    2.0613        1261
0.0349    2.0613        1262
0.0348    2.0613        1263
0.0347    2.0614        1264
0.0346    2.0614        1265
0.0345    2.0614        1266
0.0344    2.0614        1267
0.0343    2.0615        1268
0.0342    2.0615        1269
0.0341    2.0615        1270
0.0340    2.0615        1271
0.0340    2.0615        1272
0.0339    2.0616        1273
0.0338    2.0616        1274
0.0337    2.0616        1275
0.0336    2.0616        1276
0.0335    2.0617        1277
0.0334    2.0617        1278
0.0333    2.0617        1279
0.0332    2.0617        1280
0.0331    2.0618        1281
0.0330    2.0618        1282
0.0330    2.0618        1283
0.0329    2.0618        1284
0.0328    2.0618        1285
0.0327    2.0619        1286
0.0326    2.0619        1287
0.0325    2.0619        1288
0.0324    2.0619        1289
0.0323    2.0620        1290
0.0322    2.0620        1291
0.0321    2.0620        1292
0.0320    2.0620        1293
0.0320    2.0621        1294
0.0319    2.0621        1295
0.0318    2.0621        1296
0.0317    2.0621        1297
0.0316    2.0621        1298
0.0315    2.0622        1299
0.0314    2.0622        1300
0.0311    2.0622        1301
0.0309    2.0622        1302
0.0306    2.0622        1303
0.0303    2.0622        1304
0.0300    2.0621        1305
0.0297    2.0621        1306
0.0295    2.0621        1307
0.0292    2.0621        1308
0.0289    2.0621        1309
0.0286    2.0621        1310
0.0283    2.0621        1311
0.0280    2.0620        1312
0.0278    2.0620        1313
0.0275    2.0620        1314
0.0272    2.0620        1315
0.0269    2.0620        1316
0.0266    2.0620        1317
0.0264    2.0620        1318
0.0261    2.0620        1319
0.0258    2.0619        1320
0.0255    2.0619        1321
0.0252    2.0619        1322
0.0250    2.0619        1323
0.0247    2.0619        1324
0.0244    2.0619        1325
0.0241    2.0619        1326
0.0238    2.0618        1327
0.0236    2.0618        1328
0.0233    2.0618        1329
0.0230    2.0618        1330
0.0227    2.0618        1331
0.0224    2.0618        1332
0.0221    2.0618        1333
0.0219    2.0617        1334
0.0216    2.0617        1335
0.0213    2.0617        1336
0.0210    2.0617        1337
0.0207    2.0617        1338
0.0205    2.0617        1339
0.0202    2.0617        1340
0.0199    2.0617        1341
0.0196    2.0616        1342
0.0193    2.0616        1343
0.0191    2.0616        1344
0.0188    2.0616        1345
0.0185    2.0616        1346
0.0182    2.0616        1347
0.0179    2.0616        1348
0.0176    2.0615        1349
0.0174    2.0615        1350
0.0171    2.0615        1351
0.0168    2.0615        1352
0.0165    2.0615        1353
0.0162    2.0615        1354
0.0160    2.0615        1355
0.0157    2.0614        1356
0.0154    2.0614        1357
0.0151    2.0614        1358
0.0148    2.0614        1359
0.0146    2.0614        1360
0.0143    2.0614        1361
0.0140    2.0614        1362
0.0137    2.0614        1363
0.0134    2.0613        1364
0.0131    2.0613        1365
0.0129    2.0613        1366
0.0126    2.0613        1367
0.0123    2.0613        1368
0.0120    2.0613        1369
0.0117    2.0613        1370
0.0115    2.0612        1371
0.0112    2.0612        1372
0.0109    2.0612        1373
0.0106    2.0612        1374
0.0103    2.0612        1375
0.0101    2.0612        1376
0.0098    2.0612        1377
0.0095    2.0611        1378
0.0092    2.0611        1379
0.0089    2.0611        1380
0.0086    2.0611        1381
0.0084    2.0611        1382
0.0081    2.0611        1383
0.0078    2.0611        1384
0.0075    2.0611        1385
0.0072    2.0610        1386
0.0070    2.0610        1387
0.0067    2.0610        1388
0.0064    2.0610        1389
0.0061    2.0610        1390
0.0058    2.0610        1391
0.0056    2.0610        1392
0.0053    2.0609        1393
0.0050    2.0609        1394
0.0047    2.0609        1395
0.0044    2.0609        1396
0.0041    2.0609        1397
0.0039    2.0609        1398
0.0036    2.0609        1399
0.0033    2.0608        1400
0.0033    2.0608        1401
0.0034    2.0608        1402
0.0034    2.0608        1403
0.0034    2.0608        1404
0.0035    2.0608        1405
0.0035    2.0608        1406
0.0035    2.0608        1407
0.0036    2.0607        1408
0.0036    2.0607        1409
0.0036    2.0607        1410
0.0037    2.0607        1411
0.0037    2.0607        1412
0.0037    2.0607        1413
0.0038    2.0607        1414
0.0038    2.0607        1415
0.0038    2.0606        1416
0.0039    2.0606        1417
0.0039    2.0606        1418
0.0039    2.0606        1419
0.0040    2.0606        1420
0.0040    2.0606        1421
0.0040    2.0606        1422
0.0041    2.0606        1423
0.0041    2.0605        1424
0.0041    2.0605        1425
0.0042    2.0605        1426
0.0042    2.0605        1427
0.0042    2.0605        1428
0.0043    2.0605        1429
0.0043    2.0605        1430
0.0043    2.0605        1431
0.0044    2.0604        1432
0.0044    2.0604        1433
0.0044    2.0604        1434
0.0045    2.0604        1435
0.0045    2.0604        1436
0.0045    2.0604        1437
0.0046    2.0604        1438
0.0046    2.0604        1439
0.0046    2.0604        1440
0.0046    2.0603        1441
0.0047    2.0603        1442
0.0047    2.0603        1443
0.0047    2.0603        1444
0.0048    2.0603        1445
0.0048    2.0603        1446
0.0048    2.0603        1447
0.0049    2.0603        1448
0.0049    2.0602        1449
0.0049    2.0602        1450
0.0050    2.0602        1451
0.0050    2.0602        1452
0.0050    2.0602        1453
0.0051    2.0602        1454
0.0051    2.0602        1455
0.0051    2.0602        1456
0.0052    2.0601        1457
0.0052    2.0601        1458
0.0052    2.0601        1459
0.0053    2.0601        1460
0.0053    2.0601        1461
0.0053    2.0601        1462
0.0054    2.0601        1463
0.0054    2.0601        1464
0.0054    2.0600        1465
0.0055    2.0600        1466
0.0055    2.0600        1467
0.0055    2.0600        1468
0.0056    2.0600        1469
0.0056    2.0600        1470
0.0056    2.0600        1471
0.0057    2.0600        1472
0.0057    2.0599        1473
0.0057    2.0599        1474
0.0058    2.0599        1475
0.0058    2.0599        1476
0.0058    2.0599        1477
0.0059    2.0599        1478
0.0059    2.0599        1479
0.0059    2.0599        1480
0.0060    2.0598        1481
0.0060    2.0598        1482
0.0060    2.0598        1483
0.0060    2.0598        1484
0.0061    2.0598        1485
0.0061    2.0598        1486
0.0061    2.0598        1487
0.0062    2.0598        1488
0.0062    2.0597        1489
0.0062    2.0597        1490
0.0063    2.0597        1491
0.0063    2.0597        1492
0.0063    2.0597        1493
0.0064    2.0597        1494
0.0064    2.0597        1495
0.0064    2.0597        1496
0.0065    2.0596        1497
0.0065    2.0596        1498
0.0065    2.0596        1499
0.0066    2.0596        1500
