 #m    m2    m4    e    e2    cv    xi    T
 -1.322208E-04      2.156744E-02      1.372686E-03     -3.305061E-01      1.320131E-01      1.296953E-01      3.416246E-01      2.782000E+00
 -2.313308E-04      2.180174E-02      1.389248E-03     -3.322399E-01      1.329786E-01      1.312800E-01      3.488465E-01      2.754000E+00
  4.879946E-04      2.218809E-02      1.441336E-03     -3.390767E-01      1.377429E-01      1.350264E-01      3.586720E-01      2.726000E+00
  5.211053E-04      2.247724E-02      1.477124E-03     -3.418318E-01      1.397981E-01      1.389283E-01      3.671165E-01      2.698000E+00
 -2.488861E-04      2.261692E-02      1.488815E-03     -3.463433E-01      1.426322E-01      1.401848E-01      3.732752E-01      2.670000E+00
 -3.359963E-04      2.292505E-02      1.533849E-03     -3.513277E-01      1.462910E-01      1.443164E-01      3.823697E-01      2.642000E+00
  1.331096E-04      2.311359E-02      1.541778E-03     -3.545027E-01      1.487244E-01      1.486652E-01      3.896454E-01      2.614000E+00
  1.375540E-04      2.345391E-02      1.594239E-03     -3.580329E-01      1.512756E-01      1.521381E-01      3.996635E-01      2.586000E+00
  4.006622E-04      2.355944E-02      1.601208E-03     -3.617111E-01      1.539713E-01      1.558127E-01      4.058537E-01      2.558000E+00
  7.644360E-05      2.409123E-02      1.695759E-03     -3.665293E-01      1.575597E-01      1.598289E-01      4.196107E-01      2.530000E+00
  3.022189E-05      2.401116E-02      1.681194E-03     -3.707794E-01      1.609455E-01      1.652008E-01      4.228962E-01      2.502000E+00
  7.088810E-05      2.450102E-02      1.742392E-03     -3.761340E-01      1.649136E-01      1.687356E-01      4.364078E-01      2.474000E+00
  3.304408E-04      2.497358E-02      1.819633E-03     -3.808402E-01      1.686055E-01      1.735739E-01      4.499150E-01      2.446000E+00
  4.064399E-04      2.544181E-02      1.882358E-03     -3.858148E-01      1.724699E-01      1.779987E-01      4.636572E-01      2.418000E+00
  2.084421E-04      2.569706E-02      1.919339E-03     -3.924668E-01      1.778003E-01      1.833770E-01      4.737976E-01      2.390000E+00
  9.133232E-05      2.588086E-02      1.945849E-03     -3.969725E-01      1.812468E-01      1.868774E-01      4.828440E-01      2.362000E+00
  2.122199E-04      2.651626E-02      2.048055E-03     -4.012484E-01      1.849476E-01      1.937147E-01      5.006322E-01      2.334000E+00
 -7.368807E-04      2.684988E-02      2.098040E-03     -4.076808E-01      1.903057E-01      1.997304E-01      5.130768E-01      2.306000E+00
  4.266619E-04      2.735698E-02      2.164682E-03     -4.130745E-01      1.947082E-01      2.044632E-01      5.291997E-01      2.278000E+00
  5.511050E-05      2.789032E-02      2.253044E-03     -4.184105E-01      1.993552E-01      2.114137E-01      5.462344E-01      2.250000E+00
 -6.059933E-04      2.827666E-02      2.314573E-03     -4.244206E-01      2.043547E-01      2.161854E-01      5.607722E-01      2.222000E+00
 -6.048822E-04      2.884164E-02      2.413425E-03     -4.320663E-01      2.111284E-01      2.238007E-01      5.792766E-01      2.194000E+00
  6.186598E-04      2.947485E-02      2.509934E-03     -4.365396E-01      2.151989E-01      2.313619E-01      5.996468E-01      2.166000E+00
  4.266619E-05      3.010105E-02      2.620368E-03     -4.433106E-01      2.213222E-01      2.390602E-01      6.204146E-01      2.138000E+00
 -6.551038E-04      3.058058E-02      2.701653E-03     -4.489306E-01      2.265082E-01      2.471460E-01      6.386535E-01      2.110000E+00
 -1.495539E-04      3.118778E-02      2.789316E-03     -4.562909E-01      2.331914E-01      2.540458E-01      6.601028E-01      2.082000E+00
 -1.023100E-03      3.203206E-02      2.940597E-03     -4.656179E-01      2.420267E-01      2.634916E-01      6.871924E-01      2.054000E+00
  3.815513E-04      3.251497E-02      3.032446E-03     -4.713125E-01      2.475495E-01      2.728360E-01      7.072127E-01      2.026000E+00
 -3.364407E-04      3.328801E-02      3.158079E-03     -4.798684E-01      2.556737E-01      2.803819E-01      7.341740E-01      1.998000E+00
  2.139976E-04      3.426333E-02      3.350760E-03     -4.888990E-01      2.647876E-01      2.925577E-01      7.664271E-01      1.970000E+00
  4.459950E-04      3.518633E-02      3.549129E-03     -4.979109E-01      2.738786E-01      3.033680E-01      7.984182E-01      1.942000E+00
 -1.784425E-04      3.613406E-02      3.722667E-03     -5.045019E-01      2.805102E-01      3.126052E-01      8.319218E-01      1.914000E+00
  2.877746E-04      3.710621E-02      3.918757E-03     -5.137441E-01      2.902975E-01      3.266218E-01      8.669858E-01      1.886000E+00
 -3.886623E-04      3.864991E-02      4.234898E-03     -5.224395E-01      2.995311E-01      3.393932E-01      9.166619E-01      1.858000E+00
  8.235464E-04      3.927203E-02      4.357813E-03     -5.317514E-01      3.096408E-01      3.537161E-01      9.456554E-01      1.830000E+00
 -1.097766E-03      4.074993E-02      4.664110E-03     -5.436020E-01      3.224214E-01      3.652973E-01      9.964771E-01      1.802000E+00
 -8.199909E-04      4.237093E-02      5.050592E-03     -5.536534E-01      3.341755E-01      3.870724E-01      1.052484E+00      1.774000E+00
 -8.555460E-05      4.378306E-02      5.386520E-03     -5.651999E-01      3.469053E-01      3.968542E-01      1.105019E+00      1.746000E+00
  1.454428E-03      4.536286E-02      5.768770E-03     -5.760176E-01      3.598145E-01      4.183139E-01      1.163497E+00      1.718000E+00
 -6.775480E-04      4.811767E-02      6.431667E-03     -5.891948E-01      3.754052E-01      4.359387E-01      1.254648E+00      1.690000E+00
 -1.193320E-04      4.921262E-02      6.683256E-03     -5.993671E-01      3.880742E-01      4.599816E-01      1.304829E+00      1.662000E+00
  7.115476E-04      5.170879E-02      7.396185E-03     -6.143941E-01      4.068196E-01      4.842360E-01      1.394493E+00      1.634000E+00
 -2.024422E-04      5.391372E-02      7.931204E-03     -6.267721E-01      4.225175E-01      5.069861E-01      1.479318E+00      1.606000E+00
 -1.175765E-03      5.687335E-02      8.774437E-03     -6.411760E-01      4.409600E-01      5.283075E-01      1.588179E+00      1.578000E+00
 -6.002156E-04      6.021907E-02      9.789026E-03     -6.579985E-01      4.637743E-01      5.651578E-01      1.712016E+00      1.550000E+00
 -3.666626E-05      6.479294E-02      1.123832E-02     -6.743467E-01      4.864435E-01      6.030293E-01      1.875949E+00      1.522000E+00
  4.737725E-04      6.816063E-02      1.231678E-02     -6.914585E-01      5.103265E-01      6.359451E-01      2.010433E+00      1.494000E+00
  1.531761E-03      7.245474E-02      1.387930E-02     -7.082397E-01      5.345549E-01      6.756395E-01      2.177844E+00      1.466000E+00
  3.868846E-04      7.907559E-02      1.617103E-02     -7.295492E-01      5.663371E-01      7.265773E-01      2.423209E+00      1.438000E+00
 -1.629315E-03      8.447384E-02      1.816578E-02     -7.493015E-01      5.960107E-01      7.659820E-01      2.639961E+00      1.410000E+00
 -3.741736E-03      9.364739E-02      2.179633E-02     -7.716332E-01      6.314898E-01      8.322653E-01      2.985594E+00      1.382000E+00
 -1.498206E-03      1.008166E-01      2.497090E-02     -7.939934E-01      6.680259E-01      9.037817E-01      3.281044E+00      1.354000E+00
 -3.434851E-03      1.109784E-01      2.960114E-02     -8.215913E-01      7.143607E-01      9.861624E-01      3.687709E+00      1.326000E+00
 -4.792391E-03      1.231339E-01      3.530708E-02     -8.486119E-01      7.612548E-01      1.075312E+00      4.179554E+00      1.298000E+00
 -8.653237E-04      1.402344E-01      4.415383E-02     -8.836711E-01      8.247607E-01      1.199025E+00      4.865828E+00      1.270000E+00
 -2.557083E-03      1.619190E-01      5.601645E-02     -9.205840E-01      8.952037E-01      1.363470E+00      5.744694E+00      1.242000E+00
  9.686559E-04      1.825200E-01      6.830559E-02     -9.566569E-01      9.661574E-01      1.523851E+00      6.625181E+00      1.214000E+00
 -1.740425E-03      2.128748E-01      8.727598E-02     -1.003070E+00      1.061167E+00      1.723632E+00      7.909361E+00      1.186000E+00
  2.178865E-03      2.492564E-01      1.120976E-01     -1.053739E+00      1.170732E+00      1.983696E+00      9.485005E+00      1.158000E+00
 -1.816024E-02      2.987047E-01      1.478207E-01     -1.118035E+00      1.315775E+00      2.269846E+00      1.163568E+01      1.130000E+00
  2.000978E-02      3.581484E-01      1.953161E-01     -1.187372E+00      1.481392E+00      2.595943E+00      1.430552E+01      1.102000E+00
  2.575194E-02      4.189571E-01      2.460365E-01     -1.258394E+00      1.656464E+00      2.785394E+00      1.716269E+01      1.074000E+00
 -9.945667E-03      4.894532E-01      3.122102E-01     -1.340406E+00      1.870659E+00      2.979178E+00      2.061578E+01      1.046000E+00
 -5.624715E-02      5.673868E-01      3.886190E-01     -1.425070E+00      2.100236E+00      2.951496E+00      2.442368E+01      1.018000E+00
  4.428084E-02      6.378582E-01      4.643796E-01     -1.504985E+00      2.327123E+00      2.794069E+00      2.830479E+01      9.900000E-01
 -8.590460E-02      7.042913E-01      5.413568E-01     -1.580220E+00      2.549818E+00      2.510523E+00      3.192352E+01      9.620000E-01
 -2.366218E-02      7.589598E-01      6.101839E-01     -1.645650E+00      2.751056E+00      2.166644E+00      3.578158E+01      9.340000E-01
  1.571183E-01      8.063804E-01      6.748796E-01     -1.703768E+00      2.937689E+00      1.871678E+00      3.802041E+01      9.060000E-01
  2.100528E-01      8.426093E-01      7.280410E-01     -1.751705E+00      3.096558E+00      1.605525E+00      4.007574E+01      8.780000E-01
 -2.860370E-01      8.717377E-01      7.729052E-01     -1.791629E+00      3.232602E+00      1.382449E+00      4.095176E+01      8.500000E-01
 -7.895381E-01      8.973128E-01      8.144982E-01     -1.828699E+00      3.362038E+00      1.167187E+00      1.468573E+01      8.220000E-01
 -9.563138E-01      9.166419E-01      8.470686E-01     -1.858033E+00      3.466705E+00      1.007779E+00      1.168710E-01      7.940000E-01
 -9.654491E-01      9.335504E-01      8.764541E-01     -1.884170E+00      3.561562E+00      8.611661E-01      8.390563E-02      7.660000E-01
 -9.728670E-01      9.474979E-01      9.013499E-01     -1.906842E+00      3.645048E+00      7.282089E-01      6.136934E-02      7.380000E-01
 -9.788280E-01      9.588404E-01      9.220059E-01     -1.925673E+00      3.715301E+00      6.192355E-01      4.568818E-02      7.100000E-01
 -9.834777E-01      9.677531E-01      9.384499E-01     -1.940792E+00      3.772139E+00      5.176926E-01      3.389925E-02      6.820000E-01
 -9.873535E-01      9.752508E-01      9.525176E-01     -1.954046E+00      3.822521E+00      4.352452E-01      2.587069E-02      6.540000E-01
 -9.905339E-01      9.814308E-01      9.642080E-01     -1.965046E+00      3.864575E+00      3.564993E-01      1.924515E-02      6.260000E-01
 -9.929565E-01      9.861585E-01      9.732230E-01     -1.973702E+00      3.897834E+00      2.878787E-01      1.442845E-02      5.980000E-01
 -9.949278E-01      9.900190E-01      9.806343E-01     -1.980824E+00      3.925358E+00      2.298973E-01      1.063850E-02      5.700000E-01
 -9.964085E-01      9.929282E-01      9.862535E-01     -1.986330E+00      3.946717E+00      1.815107E-01      7.992108E-03      5.420000E-01
 -9.976336E-01      9.953380E-01      9.909188E-01     -1.990894E+00      3.964465E+00      1.342113E-01      5.593120E-03      5.140000E-01
 -9.983869E-01      9.968230E-01      9.938051E-01     -1.993737E+00      3.975549E+00      1.044661E-01      4.221438E-03      4.860000E-01
 -9.989920E-01      9.980179E-01      9.961356E-01     -1.996082E+00      3.984707E+00      7.656192E-02      3.161541E-03      4.580000E-01
 -9.993891E-01      9.988025E-01      9.976676E-01     -1.997620E+00      3.990722E+00      5.670297E-02      2.450857E-03      4.300000E-01
 -9.996756E-01      9.993690E-01      9.987756E-01     -1.998745E+00      3.995126E+00      3.960210E-02      1.948897E-03      4.020000E-01
 -9.998240E-01      9.996625E-01      9.993496E-01     -1.999323E+00      3.997390E+00      3.067597E-02      1.708718E-03      3.740000E-01
 -9.999167E-01      9.998460E-01      9.997089E-01     -1.999692E+00      3.998834E+00      2.492295E-02      1.606094E-03      3.460000E-01
 -9.999593E-01      9.999304E-01      9.998743E-01     -1.999860E+00      3.999496E+00      2.349553E-02      1.623837E-03      3.180000E-01
 -9.999804E-01      9.999722E-01      9.999562E-01     -1.999944E+00      3.999825E+00      2.471118E-02      1.715307E-03      2.900000E-01
 -9.999856E-01      9.999823E-01      9.999760E-01     -1.999964E+00      3.999903E+00      2.921501E-02      1.879963E-03      2.620000E-01
 -9.999884E-01      9.999880E-01      9.999872E-01     -1.999976E+00      3.999949E+00      3.588153E-02      2.094050E-03      2.340000E-01
 -9.999889E-01      9.999889E-01      9.999889E-01     -1.999978E+00      3.999956E+00      4.615104E-02      2.376778E-03      2.060000E-01
 -9.999889E-01      9.999889E-01      9.999889E-01     -1.999978E+00      3.999956E+00      6.181244E-02      2.750654E-03      1.780000E-01
 -9.999889E-01      9.999889E-01      9.999889E-01     -1.999978E+00      3.999956E+00      8.704291E-02      3.264109E-03      1.500000E-01
 -9.999889E-01      9.999889E-01      9.999889E-01     -1.999978E+00      3.999956E+00      1.315819E-01      4.013249E-03      1.220000E-01
 -9.999889E-01      9.999889E-01      9.999889E-01     -1.999978E+00      3.999956E+00      2.216462E-01      5.208685E-03      9.400000E-02
 -9.999889E-01      9.999889E-01      9.999889E-01     -1.999978E+00      3.999956E+00      4.496018E-01      7.418430E-03      6.600000E-02
 -9.999889E-01      9.999889E-01      9.999889E-01     -1.999978E+00      3.999956E+00      1.356278E+00      1.288464E-02      3.800000E-02
 -9.999889E-01      9.999889E-01      9.999889E-01     -1.999978E+00      3.999956E+00      1.958465E+01      4.896164E-02      1.000000E-02
